NAME=Contour
20.89, 13.90
20.89, 13.91
20.89, 13.99
20.81, 13.99
20.80, 14.00
20.80, 14.00
20.70, 14.00
20.70, 14.00
20.70, 14.00
20.70, 14.00
20.69, 14.01
20.70, 14.10
20.60, 14.10
20.60, 14.10
20.60, 14.10
20.60, 14.10
20.60, 14.10
20.60, 14.13
20.62, 14.18
20.63, 14.20
20.65, 14.25
20.66, 14.26
20.67, 14.30
20.68, 14.32
20.70, 14.37
20.71, 14.39
20.71, 14.40
20.71, 14.41
20.73, 14.47
20.74, 14.50
20.75, 14.55
20.75, 14.55
20.76, 14.60
20.77, 14.63
20.78, 14.68
20.78, 14.70
20.78, 14.72
20.79, 14.79
20.79, 14.80
20.79, 14.81
20.80, 14.90
20.80, 14.90
20.80, 14.90
20.80, 14.90
20.80, 15.00
20.80, 15.00
20.90, 15.00
20.90, 15.00
NAME=Contour
20.90, 16.30
20.90, 16.30
20.80, 16.30
20.80, 16.30
20.80, 16.30
20.70, 16.30
20.70, 16.30
20.70, 16.30
20.64, 16.30
20.62, 16.32
20.60, 16.33
20.56, 16.36
20.52, 16.40
20.51, 16.41
20.50, 16.41
20.45, 16.45
20.44, 16.46
20.40, 16.49
20.39, 16.49
20.38, 16.50
20.33, 16.53
20.30, 16.55
20.27, 16.57
20.23, 16.60
20.21, 16.61
20.20, 16.62
20.17, 16.63
20.15, 16.65
20.10, 16.67
20.08, 16.68
20.04, 16.70
20.01, 16.71
20.00, 16.72
19.96, 16.74
19.94, 16.74
19.90, 16.76
19.88, 16.78
19.81, 16.80
19.80, 16.80
19.80, 16.80
19.79, 16.81
19.73, 16.83
19.70, 16.84
19.65, 16.85
19.64, 16.86
19.60, 16.87
19.58, 16.88
19.50, 16.90
19.50, 16.90
19.50, 16.90
19.50, 16.90
19.42, 16.92
19.40, 16.92
19.37, 16.93
19.34, 16.94
19.30, 16.94
19.25, 16.95
19.25, 16.95
19.20, 16.97
19.17, 16.97
19.13, 16.97
19.10, 16.97
19.07, 16.97
19.03, 16.97
19.00, 16.98
18.98, 16.98
18.92, 16.98
18.90, 16.98
18.88, 16.98
18.82, 16.98
18.80, 16.98
18.78, 16.98
18.73, 16.97
18.70, 16.97
18.67, 16.97
18.64, 16.96
18.60, 16.96
18.55, 16.95
18.55, 16.95
18.50, 16.94
18.46, 16.94
18.43, 16.93
18.40, 16.92
18.38, 16.92
18.32, 16.90
18.30, 16.90
18.30, 16.90
18.29, 16.89
18.23, 16.87
18.20, 16.86
18.15, 16.85
18.15, 16.85
18.10, 16.83
18.08, 16.82
18.02, 16.80
18.01, 16.79
18.00, 16.79
17.98, 16.78
17.94, 16.76
17.90, 16.74
17.87, 16.73
17.82, 16.70
17.81, 16.69
17.80, 16.68
17.76, 16.66
17.75, 16.65
17.70, 16.62
17.69, 16.61
17.66, 16.60
17.63, 16.57
17.60, 16.55
17.57, 16.53
17.52, 16.50
17.51, 16.49
17.50, 16.48
17.46, 16.44
17.40, 16.40
17.40, 16.40
17.40, 16.40
17.39, 16.39
17.34, 16.36
17.30, 16.33
17.28, 16.32
17.24, 16.30
17.22, 16.28
17.20, 16.27
17.16, 16.24
17.11, 16.20
17.10, 16.20
17.10, 16.20
17.09, 16.19
17.04, 16.16
17.00, 16.13
16.98, 16.12
16.93, 16.10
16.91, 16.09
16.90, 16.08
16.87, 16.07
16.84, 16.06
16.80, 16.05
16.76, 16.04
16.74, 16.04
16.70, 16.03
16.67, 16.03
16.63, 16.03
16.60, 16.03
16.59, 16.01
16.52, 16.02
16.50, 16.01
16.49, 16.01
16.49, 16.00
16.45, 15.95
16.40, 15.94
16.37, 15.93
16.35, 15.90
16.33, 15.87
16.30, 15.87
16.27, 15.87
16.23, 15.87
16.20, 15.87
16.16, 15.86
16.13, 15.87
16.10, 15.82
16.07, 15.83
16.04, 15.84
16.00, 15.86
15.99, 15.89
16.00, 15.90
16.00, 15.90
16.00, 15.90
16.01, 15.91
16.08, 15.92
16.07, 15.97
16.08, 16.00
16.09, 16.01
16.10, 16.02
16.14, 16.04
16.16, 16.04
16.16, 16.06
16.17, 16.10
16.19, 16.11
16.20, 16.12
16.25, 16.15
16.27, 16.20
16.25, 16.25
16.20, 16.28
16.19, 16.29
16.11, 16.29
16.10, 16.29
16.09, 16.29
16.01, 16.29
16.00, 16.29
15.99, 16.29
15.90, 16.30
15.90, 16.30
15.90, 16.30
15.87, 16.30
15.82, 16.32
15.80, 16.34
15.76, 16.36
15.72, 16.38
15.70, 16.39
15.69, 16.39
15.68, 16.40
15.63, 16.43
15.60, 16.44
15.56, 16.46
15.50, 16.50
15.50, 16.50
15.50, 16.50
15.50, 16.50
15.43, 16.53
15.40, 16.55
15.37, 16.57
15.31, 16.60
15.30, 16.60
15.30, 16.61
15.29, 16.61
15.24, 16.64
15.20, 16.66
15.18, 16.62
15.18, 16.60
15.17, 16.57
15.16, 16.54
15.15, 16.50
15.14, 16.46
15.12, 16.42
15.12, 16.40
15.11, 16.39
15.10, 16.34
15.05, 16.35
15.04, 16.36
15.00, 16.37
14.97, 16.37
14.92, 16.38
14.90, 16.39
14.89, 16.39
14.82, 16.40
14.80, 16.40
14.80, 16.40
14.79, 16.41
14.72, 16.42
14.70, 16.42
14.68, 16.42
14.63, 16.43
14.60, 16.44
14.56, 16.44
14.54, 16.44
14.50, 16.45
14.46, 16.46
14.44, 16.46
14.40, 16.46
14.37, 16.47
14.32, 16.48
14.30, 16.48
14.28, 16.48
14.21, 16.50
14.20, 16.50
14.20, 16.50
14.20, 16.50
14.12, 16.52
14.10, 16.53
14.05, 16.55
14.05, 16.55
14.00, 16.57
13.98, 16.58
13.95, 16.60
13.92, 16.62
13.90, 16.63
13.86, 16.66
13.80, 16.70
13.80, 16.70
13.80, 16.70
13.79, 16.71
13.75, 16.75
13.70, 16.79
13.70, 16.80
13.69, 16.80
13.65, 16.85
13.60, 16.90
13.60, 16.90
13.60, 16.90
13.58, 16.92
13.55, 16.95
13.51, 17.00
13.51, 17.01
13.50, 17.01
13.50, 17.00
13.50, 17.00
13.50, 17.00
13.48, 16.92
13.47, 16.90
13.47, 16.87
13.46, 16.84
13.45, 16.80
13.44, 16.76
13.43, 16.73
13.43, 16.70
13.42, 16.68
13.40, 16.60
13.40, 16.60
13.40, 16.60
13.40, 16.60
13.40, 16.60
13.40, 16.60
13.40, 16.60
13.36, 16.66
13.34, 16.70
13.33, 16.73
13.30, 16.77
13.29, 16.79
13.28, 16.80
13.25, 16.85
13.25, 16.85
13.22, 16.90
13.21, 16.91
13.20, 16.93
13.17, 16.97
13.15, 17.00
13.13, 17.03
13.10, 17.08
13.10, 17.10
13.10, 17.10
13.10, 17.10
13.09, 17.19
13.09, 17.20
13.09, 17.21
13.08, 17.28
13.08, 17.30
13.09, 17.31
13.10, 17.32
13.15, 17.35
13.16, 17.40
13.18, 17.42
13.20, 17.45
13.23, 17.47
13.24, 17.50
13.27, 17.53
13.30, 17.58
13.32, 17.58
13.40, 17.60
13.40, 17.60
13.40, 17.60
13.40, 17.60
13.41, 17.61
13.40, 17.61
13.39, 17.69
13.39, 17.70
13.40, 17.70
13.40, 17.71
13.41, 17.71
13.44, 17.70
13.47, 17.67
13.50, 17.67
13.52, 17.68
13.52, 17.70
13.52, 17.72
13.51, 17.79
13.51, 17.80
13.56, 17.84
13.58, 17.88
13.59, 17.90
13.59, 17.91
13.60, 17.91
13.65, 17.95
13.68, 18.00
13.64, 18.04
13.60, 18.06
13.56, 18.06
13.53, 18.07
13.50, 18.07
13.47, 18.07
13.43, 18.07
13.40, 18.07
13.37, 18.07
13.33, 18.07
13.30, 18.07
13.28, 18.08
13.22, 18.08
13.20, 18.08
13.18, 18.08
13.11, 18.09
13.10, 18.09
13.09, 18.09
13.00, 18.10
13.00, 18.10
13.00, 18.10
13.00, 18.10
13.00, 18.10
12.99, 18.19
12.99, 18.20
12.99, 18.21
12.99, 18.29
12.99, 18.30
12.98, 18.32
12.98, 18.38
12.98, 18.40
12.98, 18.42
12.98, 18.48
12.97, 18.50
12.97, 18.53
12.97, 18.57
12.97, 18.60
12.97, 18.63
12.97, 18.67
12.96, 18.70
12.96, 18.74
12.96, 18.76
12.96, 18.80
12.96, 18.84
12.96, 18.86
12.96, 18.90
12.96, 18.94
12.95, 18.95
12.95, 19.00
12.97, 19.03
13.00, 19.05
13.04, 19.06
13.06, 19.06
13.10, 19.06
13.14, 19.06
13.17, 19.07
13.20, 19.07
13.23, 19.07
13.28, 19.08
13.30, 19.08
13.32, 19.08
13.39, 19.09
13.40, 19.09
13.41, 19.09
13.46, 19.10
13.43, 19.13
13.43, 19.17
13.42, 19.20
13.42, 19.22
13.42, 19.28
13.42, 19.30
13.42, 19.32
13.42, 19.38
13.42, 19.40
13.43, 19.43
13.43, 19.47
13.47, 19.50
13.47, 19.53
13.48, 19.58
13.49, 19.60
13.49, 19.61
13.50, 19.65
13.50, 19.70
13.51, 19.70
13.50, 19.70
13.50, 19.71
13.48, 19.72
13.44, 19.74
13.40, 19.75
13.37, 19.77
13.31, 19.79
13.30, 19.79
13.30, 19.80
13.28, 19.80
13.29, 19.81
13.30, 19.86
13.31, 19.89
13.31, 19.90
13.32, 19.92
13.33, 19.97
13.35, 20.00
13.36, 20.04
13.38, 20.08
13.39, 20.10
13.39, 20.11
13.40, 20.13
13.40, 20.20
13.40, 20.20
13.40, 20.20
13.40, 20.20
13.40, 20.20
13.31, 20.21
13.31, 20.29
13.31, 20.30
13.30, 20.30
13.30, 20.31
13.29, 20.31
13.22, 20.32
13.22, 20.38
13.21, 20.40
13.21, 20.41
13.20, 20.41
13.19, 20.41
13.11, 20.41
13.10, 20.43
13.07, 20.43
13.03, 20.43
13.00, 20.43
12.96, 20.44
12.94, 20.44
12.90, 20.44
12.86, 20.44
12.84, 20.44
12.80, 20.44
12.76, 20.44
12.74, 20.44
12.70, 20.45
12.65, 20.45
12.65, 20.45
12.60, 20.45
12.55, 20.45
12.55, 20.45
12.50, 20.45
12.45, 20.45
12.45, 20.45
12.40, 20.46
12.36, 20.46
12.34, 20.46
12.30, 20.46
12.26, 20.46
12.24, 20.46
12.20, 20.46
12.16, 20.46
12.14, 20.46
12.10, 20.46
12.06, 20.46
12.04, 20.46
12.00, 20.46
11.97, 20.47
11.93, 20.47
11.90, 20.47
11.87, 20.47
11.83, 20.47
11.80, 20.47
11.77, 20.47
11.73, 20.47
11.70, 20.47
11.67, 20.47
11.63, 20.47
11.60, 20.47
NAME=Contour
18.98, 20.90
18.98, 20.88
18.97, 20.83
18.96, 20.80
18.95, 20.75
18.95, 20.75
18.94, 20.70
18.94, 20.66
18.94, 20.64
18.93, 20.60
18.93, 20.57
18.93, 20.53
18.93, 20.50
18.93, 20.47
18.93, 20.43
18.93, 20.40
18.93, 20.37
18.93, 20.33
18.94, 20.30
18.94, 20.26
18.94, 20.24
18.95, 20.20
18.96, 20.16
18.96, 20.14
18.97, 20.10
18.98, 20.08
19.00, 20.00
19.00, 20.00
19.00, 20.00
19.00, 20.00
19.03, 19.93
19.04, 19.90
19.06, 19.86
19.07, 19.83
19.08, 19.80
19.09, 19.79
19.10, 19.77
19.12, 19.72
19.14, 19.70
19.16, 19.66
19.20, 19.60
19.20, 19.60
19.20, 19.60
19.20, 19.60
19.24, 19.54
19.28, 19.50
19.29, 19.49
19.30, 19.47
19.33, 19.43
19.34, 19.40
19.36, 19.36
19.40, 19.30
19.40, 19.30
19.40, 19.30
19.45, 19.25
19.50, 19.21
19.51, 19.21
19.51, 19.20
19.56, 19.16
19.60, 19.13
19.62, 19.12
19.65, 19.10
19.68, 19.08
19.70, 19.06
19.74, 19.04
19.79, 19.01
19.80, 19.00
19.80, 19.00
19.81, 19.00
19.87, 18.97
19.90, 18.95
19.93, 18.93
20.00, 18.90
20.00, 18.90
20.00, 18.90
20.00, 18.90
20.07, 18.87
20.10, 18.86
20.14, 18.84
20.16, 18.84
20.20, 18.82
20.22, 18.82
20.27, 18.80
20.29, 18.79
20.30, 18.79
20.31, 18.79
20.37, 18.77
20.40, 18.76
20.45, 18.75
20.45, 18.75
20.50, 18.74
20.53, 18.73
20.57, 18.73
20.60, 18.72
20.62, 18.72
20.69, 18.71
20.70, 18.71
20.71, 18.71
20.76, 18.70
20.80, 18.70
20.80, 18.70
20.80, 18.70
20.90, 18.70
20.90, 18.70
NAME=Contour
12.44, 11.90
12.41, 11.91
12.40, 11.92
12.35, 11.95
12.33, 11.97
12.30, 11.99
12.29, 11.99
12.28, 12.00
12.23, 12.03
12.20, 12.06
12.18, 12.08
12.13, 12.10
12.11, 12.11
12.10, 12.12
12.06, 12.16
12.01, 12.20
12.01, 12.21
12.00, 12.21
11.95, 12.25
11.91, 12.30
11.91, 12.31
11.90, 12.31
11.86, 12.36
11.82, 12.40
11.81, 12.41
11.80, 12.42
11.77, 12.47
11.74, 12.50
11.72, 12.52
11.70, 12.55
11.68, 12.58
11.67, 12.60
11.64, 12.64
11.61, 12.69
11.60, 12.70
11.60, 12.70
11.60, 12.71
11.57, 12.77
11.55, 12.80
11.53, 12.83
11.51, 12.89
11.50, 12.90
11.50, 12.90
11.50, 12.91
11.48, 12.98
11.47, 13.00
11.43, 13.03
11.40, 13.06
11.38, 13.08
11.35, 13.10
11.35, 13.15
11.35, 13.15
11.34, 13.20
11.35, 13.25
11.35, 13.25
11.35, 13.30
11.36, 13.34
11.36, 13.36
11.37, 13.40
11.38, 13.42
11.40, 13.47
11.41, 13.49
11.41, 13.50
11.42, 13.52
11.44, 13.56
11.46, 13.60
11.48, 13.62
11.50, 13.65
11.52, 13.68
11.53, 13.70
11.56, 13.74
11.60, 13.78
11.61, 13.79
11.62, 13.80
11.67, 13.83
11.70, 13.84
11.75, 13.85
11.76, 13.86
11.80, 13.88
11.81, 13.89
11.82, 13.90
11.86, 13.94
11.90, 13.98
11.91, 13.99
11.92, 14.00
11.95, 14.05
11.95, 14.05
11.96, 14.10
11.97, 14.13
12.00, 14.16
12.02, 14.18
12.05, 14.20
12.08, 14.22
12.10, 14.24
12.14, 14.26
12.18, 14.30
12.19, 14.31
12.20, 14.31
12.25, 14.35
12.25, 14.35
12.30, 14.39
12.31, 14.39
12.32, 14.40
12.36, 14.44
12.40, 14.46
12.42, 14.48
12.46, 14.50
12.48, 14.52
12.50, 14.53
12.54, 14.56
12.58, 14.58
12.60, 14.59
12.60, 14.60
12.61, 14.60
12.67, 14.63
12.70, 14.66
12.73, 14.67
12.79, 14.70
12.79, 14.71
12.80, 14.71
12.82, 14.72
12.86, 14.74
12.90, 14.76
12.92, 14.78
12.93, 14.80
12.96, 14.84
12.97, 14.87
12.98, 14.90
12.99, 14.91
13.00, 14.94
13.05, 14.95
13.06, 14.96
13.10, 14.98
13.12, 14.98
13.18, 15.00
13.20, 15.00
13.20, 15.01
13.21, 15.01
13.28, 15.02
13.30, 15.02
13.32, 15.02
13.39, 15.01
13.40, 15.01
13.40, 15.00
13.40, 15.00
13.40, 15.00
13.42, 14.92
13.43, 14.90
13.44, 14.86
13.44, 14.84
13.45, 14.80
13.46, 14.76
13.50, 14.72
13.52, 14.72
13.56, 14.70
13.59, 14.69
13.60, 14.68
13.64, 14.64
13.69, 14.60
13.69, 14.59
13.70, 14.59
13.75, 14.55
13.79, 14.50
13.79, 14.49
13.80, 14.49
13.84, 14.44
13.87, 14.40
13.89, 14.39
13.90, 14.37
13.93, 14.33
13.95, 14.30
13.97, 14.27
14.00, 14.24
14.04, 14.26
14.07, 14.27
14.10, 14.28
14.13, 14.23
14.13, 14.20
14.14, 14.16
14.11, 14.11
14.13, 14.10
14.19, 14.09
14.20, 14.08
14.23, 14.03
14.26, 14.00
14.28, 13.98
14.30, 13.95
14.31, 13.91
14.32, 13.90
14.32, 13.88
14.30, 13.83
14.29, 13.81
14.29, 13.80
14.30, 13.80
14.30, 13.78
14.33, 13.73
14.36, 13.70
14.37, 13.67
14.40, 13.63
14.41, 13.61
14.42, 13.60
14.44, 13.56
14.45, 13.55
14.47, 13.50
14.48, 13.48
14.50, 13.43
14.51, 13.41
14.51, 13.40
14.52, 13.38
14.53, 13.33
14.54, 13.30
14.55, 13.25
14.55, 13.25
14.55, 13.20
14.55, 13.15
14.55, 13.15
14.55, 13.10
14.53, 13.07
14.50, 13.03
14.49, 13.01
14.48, 13.00
14.46, 12.96
14.45, 12.95
14.42, 12.90
14.41, 12.89
14.40, 12.87
14.37, 12.83
14.35, 12.80
14.32, 12.78
14.30, 12.76
14.27, 12.73
14.25, 12.70
14.22, 12.68
14.20, 12.67
14.16, 12.64
14.12, 12.60
14.11, 12.59
14.10, 12.59
14.05, 12.55
14.05, 12.55
14.00, 12.52
13.99, 12.51
13.96, 12.50
13.93, 12.47
13.90, 12.46
13.87, 12.43
13.81, 12.40
13.81, 12.39
13.80, 12.39
13.78, 12.38
13.75, 12.35
13.70, 12.33
13.68, 12.32
13.67, 12.30
13.63, 12.27
13.60, 12.25
13.57, 12.23
13.52, 12.20
13.51, 12.19
13.50, 12.18
13.46, 12.16
13.45, 12.15
13.40, 12.12
13.39, 12.11
13.37, 12.10
13.33, 12.07
13.30, 12.06
13.27, 12.03
13.21, 12.00
13.20, 12.00
13.20, 12.00
13.19, 11.99
13.14, 11.96
13.10, 11.94
13.07, 11.93
13.00, 11.90
13.00, 11.90
13.00, 11.90
13.00, 11.90
12.93, 11.87
12.90, 11.86
12.85, 11.85
12.85, 11.85
12.80, 11.84
12.76, 11.84
12.74, 11.84
12.70, 11.84
12.66, 11.84
12.64, 11.84
12.60, 11.85
12.56, 11.86
12.54, 11.86
12.50, 11.87
12.48, 11.88
12.44, 11.90
NAME=Contour
20.79, 15.20
20.80, 15.20
20.80, 15.20
20.80, 15.20
20.80, 15.20
20.80, 15.20
20.80, 15.10
20.79, 15.19
20.79, 15.20
NAME=Contour
13.80, 16.10
13.80, 16.10
13.78, 16.18
13.71, 16.19
13.70, 16.19
13.70, 16.20
13.66, 16.20
13.69, 16.21
13.70, 16.21
13.71, 16.21
13.78, 16.22
13.80, 16.22
13.82, 16.22
13.87, 16.23
13.90, 16.23
13.93, 16.23
13.97, 16.23
14.00, 16.23
14.04, 16.24
14.06, 16.24
14.10, 16.24
14.14, 16.24
14.16, 16.24
14.20, 16.24
14.24, 16.24
14.26, 16.24
14.30, 16.24
14.34, 16.24
14.36, 16.24
14.40, 16.24
14.44, 16.24
14.46, 16.24
14.50, 16.24
14.54, 16.24
14.56, 16.24
14.60, 16.24
14.64, 16.24
14.66, 16.24
14.70, 16.24
14.75, 16.25
14.75, 16.25
14.80, 16.25
14.85, 16.25
14.85, 16.25
14.90, 16.26
14.94, 16.26
14.96, 16.26
15.00, 16.27
15.02, 16.22
15.01, 16.20
15.01, 16.19
15.00, 16.19
14.99, 16.19
14.91, 16.19
14.90, 16.19
14.89, 16.19
14.81, 16.19
14.80, 16.19
14.79, 16.19
14.71, 16.19
14.70, 16.19
14.69, 16.19
14.61, 16.19
14.60, 16.13
14.57, 16.13
14.53, 16.13
14.50, 16.13
14.47, 16.13
14.42, 16.12
14.40, 16.12
14.38, 16.12
14.31, 16.11
14.30, 16.11
14.29, 16.11
14.20, 16.10
14.20, 16.10
14.20, 16.10
14.20, 16.10
14.11, 16.09
14.10, 16.09
14.08, 16.08
14.02, 16.08
14.00, 16.08
13.98, 16.08
13.92, 16.08
13.90, 16.08
13.89, 16.09
13.80, 16.10
13.80, 16.10
13.80, 16.10
13.80, 16.10
NAME=Contour
14.01, 18.20
14.00, 18.20
14.00, 18.20
14.00, 18.20
14.00, 18.20
14.00, 18.20
14.00, 18.20
14.00, 18.20
14.01, 18.20
NAME=Contour
13.63, 18.60
13.61, 18.61
13.60, 18.65
13.60, 18.60
13.60, 18.60
13.60, 18.60
13.60, 18.60
13.61, 18.59
13.63, 18.60
NAME=Contour
13.51, 18.80
13.51, 18.81
13.50, 18.90
13.50, 18.80
13.50, 18.80
13.50, 18.80
13.50, 18.80
13.51, 18.79
13.51, 18.80
